57.8
96.9
100.0
90.6
64.1
40.6
26.6
34.4
23.4
23.4
15.6
32.8
29.7
28.1
56.2
95.3
93.8
84.4
56.2
123.4
98.4
189.1
73.9
64.1
70.3
46.9
1.6
4.7
0.0
103.1
187.5
192.2
164.7
16.7
112.5
104.7
100.0
76.6
89.1
79.7
87.5
79.7
84.4
83.1
81.2
87.5
86.1
85.9
85.9
89.1
87.5
81.5
85.9
68.8
76.6
85.9
70.3
96.9
73.4
62.5
35.4
53.1
52.3
68.8
35.9
27.7
150.0
168.8
165.6
185.9
148.4
139.9
75.0
85.9
92.4
84.4
79.7
81.6
89.1
76.6
79.7
87.7
89.1
84.4
76.6
90.6
57.6
95.3
98.4
6.2
64.1
70.8
17.2
0.0
87.5
79.7
3.1
0.0
1.6
1.6
32.8
79.7
85.9
107.8
164.1
93.8
3.1
