1.9746236804981505
2.2074112570913393
2.200158409868483
2.1918968885285417
2.452471035442407
2.4871261961794304
2.481962745341967
2.4881108542461097
2.4880147900444824
2.4880147900444824
2.482106841644408
2.489359688867264
2.4864057146672263
2.4864297307176333
2.5044657845731457
2.508860721797592
2.5097973477634574
2.584991601587173
2.651203852558742
2.906878725189619
3.141899794470641
3.2093848961137708
3.271202209860894
3.4699350269772293
4.109818674016219
4.044615097161735
4.043126102036513
4.044831241615396
3.890287957247588
4.079846643108522
4.081047445628863
4.081527766636999
4.160012219366447
4.167120970286862
4.174541929862566
4.175838796584533
4.204057655812533
4.208860865893895
4.144810059458938
4.144257690299582
